Number of hits = 928
Number of misses = 72

Hash Table:
0
0
1719441130
930510764
416421571
1409405972
1801897603
1185183987
37271303
421390106
1924855207
2089736805
1950381922
514043988
0
210899572
751902488
255109593
152707687
655258129
0
1082863546
424692188
716473196
328726062
178403176
546083492
1913963735
1663310831
0
1475430720
1178393258
728218008
188356653
0
383763593
724161707
691737388
2066411806
691646234
1250690428
18770953
1303415537
1844204608
294004132
32187269
431725806
1334517384
762120089
733774383
524169623
526387499
1230105144
482971471
2071165293
1310848617
1551773387
675295091
1538823461
524738264
369029031
1006068144
1961144009
558117779
0
320865178
1553843065
1703267161
631136033
531916823
634709320
1789190583
1007744831
475564682
1739852342
1043167453
741247460
624634593
1417247701
930816527
1466346098
1161494783
1838215564
818582383
285419033
2000484067
128243720
1212968690
1177669817
1527775901
0
1731754083
1113810952
484534750
23759019
1064114670
720740241
0
765014427
432816916
400047714
1462772224
695674248
1570607131
628721359
982328463
1960464305
4789748
1736355511
2055596817
87876408
639474175
2102468787
1809403094
0
1640989026
1413538090
2000237264
1761889472
490911781
2017738752
299388052
652436544
302622545
1949540548
2107274925
627637045
1516948172
1564966635
1829695990
772142406
1200256645
841381435
38581118
2129894712
986885911
585434222
1634502636
0
104647799
486231852
46250726
48235915
722362329
2092696322
1903977596
1570449592
761652429
646623088
1385233352
261932382
622621329
217905700
1761224735
102353395
642435101
0
760201171
713104445
1366413115
1395424780
114412149
810825229
184387057
2065396809
1305074806
27434860
1464479602
1633746774
1093290048
640113955
116966373
2046076879
1878604148
663197543
0
0
498711144
321408616
1331103631
2146768224
1600330307
1340271476
550047539
779604801
0
1349825315
0
676719400
906663857
0
1710376618
719372299
1011119299
406185928
1755854917
939913473
5930315
1167039040
1636616198
735139120
384047625
1290899916
1862085791
0
1935099560
2066524216
1857840183
0
921928974
1344923181
1356636413
754256626
511880768
1824968188
1655128818
1092895830
1119174204
547651410
312828548
1968860445
1848575855
1797034809
1173629362
1291252641
496936910
1308740130
203151923
802349331
2017594014
170686887
60199048
497884687
209849683
1010280466
159744499
2039360139
1611337584
1624098118
472542082
16049935
1039636477
1541110572
989525425
1589038664
0
787094623
1726005591
383018650
1806363861
748939162
1787230802
1367259127
1237637314
1312224974
366735657
717246436
1556792208
1350287161
1271718718
1570312741
150127188
1661253441
760340502
0
1753159880
671950397
766946557
1856791459
1307651389
523320223
344084854
470525425
1293800700
409007184
2121195286
1013964449
1606198421
338379412
862474675
0
2108255865
450127470
586916341
1287377960
1473917226
441742731
300199814
1414978325
1010593147
566382978
592088066
770490101
562839851
937225873
843124506
1389151290
50915135
1706302598
980023473
1918974477
1202439583
118307006
1091327679
730460064
1551042527
1680554019
1420090124
768779209
1792220330
1393419853
474294677
675454306
251293829
1548462376
473727700
2016262130
1601197035
118627241
1328147862
798146633
1690310811
1402398705
1968298551
291234243
1982412724
574731462
387248569
0
0
514249179
1979649160
1033342508
247488308
430923332
841739576
1248297667
2030625343
2147126030
1087872321
408900969
1478788801
48948792
1671186318
1884826610
0
0
0
1593330440
1297763389
1772761725
1714494402
1104869931
1480556122
1944229180
1703983259
1257956921
1363826856
1374573112
1391153637
184775000
754541645
801271477
190251898
1413326756
1011111705
1394767797
2084639428
1211157781
391469747
451379470
262150391
1665640254
1972203194
1376709344
298370786
1889940917
1115995257
1617024248
764989256
373448113
1665991144
934004957
1797724251
1393505475
544622217
1945729011
221195693
1270677345
545026016
330571312
829283114
1041717417
1814621133
1507584
1963788479
604842953
1014401400
103275264
837021339
2062406707
506749444
1005646772
647026292
1162279058
1260413968
1258426808
47056990
1625677696
1873895945
297954703
1874096301
593704182
1808549701
0
1104468157
399504725
445551572
1168528849
1011969756
1079321752
1861909598
233540569
208951580
1057115648
2043014242
1232487095
246519689
183505249
1787461311
0
132304089
0
1920364854
1655418421
1064479971
739627585
875021944
868710898
1052396248
48986589
0
1162977762
1010904404
1784608183
0
1913550288
620515420
1565736194
743949982
99610191
1158766923
206818128
2040758355
415927745
800086298
714155502
226034222
1456976366
308413852
0
731919833
1395644745
1432596717
574926408
1453577969
503547121
1583071056
541508689
932889456
414252194
1270738997
588399805
1919455880
387309113
1487931647
0
1569833823
1283794573
418359381
0
62739595
0
1651987458
232958257
0
1539728540
1810010412
610767484
370368770
1319115604
1451309445
141179447
443107697
1427483468
963148136
895188445
1691318019
359133901
1162498774
1558063542
44753407
1456274145
1683738228
1334040970
655743471
98556503
305662143
2055639837
1389476484
1940657165
1999134282
1858424171
300443496
1693024189
1288509532
234733774
0
72846809
0
719737762
2085185762
1680185726
797805207
44884676
1684765001
32923652
557892850
657470512
330254564
741171516
56907231
1232630812
415781134
1319448182
1851683590
1856561351
1202900421
692642123
159712519
651593454
1913232757
308294441
1522951251
1257438842
749115879
2091456724
1868056049
2056144750
1445267046
231227381
1568568135
2075412728
1060505408
483628897
1442194145
479741942
277330279
782540107
1776776465
1701718373
1572783018
157867658
1027447719
260194871
521179354
281155947
445233380
2121584859
0
1810924577
256943408
1730043360
1677199717
589989931
55281105
1469315226
1971897681
0
797536520
1621153672
824486477
846775940
316664909
1791727561
1816622915
33139052
1182149337
0
974939589
825814800
1097879268
301762862
70335827
1381129516
1641889890
2099495321
735157152
1213331628
1100832747
1282031942
701513824
1391369949
0
115943339
608834833
1030765163
1306136392
1422565057
296541553
1841277726
744327100
486458092
708857722
387505206
523517099
1917638314
793003283
1218225294
2019703555
870138002
848995610
837804626
2048857840
477698312
1614916870
1305138183
1544752373
1782812369
223189860
2090802316
695102506
1060285721
214316582
0
1054237007
785223305
890541532
1650773355
110272868
1739097889
0
371477085
1811214087
516590427
1286003886
1089813636
1157342605
0
1158604430
272150812
1126980533
515082509
285570361
709967133
603194229
2146552850
2087052549
820711495
1215337099
72870260
472253947
684065938
1950628262
0
2123696261
369112583
1913911385
2020869958
564063746
1853538268
1586730988
1568350063
83142087
1733559422
1556953881
0
1095475321
1775760245
152274128
406994341
0
1039088434
391468829
340230472
1139718486
402180087
1674347602
816779800
956994404
878605328
99389886
1532703165
325766518
1223936373
1987109034
1370983881
591959110
291769916
1362525730
1387725064
0
835182022
0
2121165456
1565016154
698753393
2015018180
305805730
510989154
491419144
790162630
1336521449
989392389
1862436081
1863376358
1884940566
291221287
1399719057
1465188533
563014898
930581420
2019309294
1090461050
0
1214053763
2116260062
960770439
2130272083
730109662
1924119531
1091793515
255801226
899576794
1658578486
482819285
499188056
1012413102
1551748948
490633283
1200032030
340969537
1389102766
540894195
1847372948
1407975047
1532483955
448373321
888803431
372712608
1557830523
1923941712
838544246
621406907
1712784648
1001547115
0
518922144
1986919621
1406810528
1043604685
0
446449570
1371577211
52891750
58029
667286973
397431052
911728750
2090672737
438828117
1368618542
1166872589
837787612
1843863352
1848783884
0
2063097183
1066501785
1021717122
1269738285
136847629
2087048221
1835895722
941224235
1615161562
1370725381
2111991933
1433758228
0
1918105339
1731573773
2076525642
226529746
1109228463
1638212041
537964780
1183120925
0
735794965
955846661
983002896
1643049837
183848559
0
1693505085
1321180345
553877480
1822726613
642459183
898877742
1464824415
739589933
448959625
1231535415
860126334
1938654741
302510178
733604776
2109422622
1959913374
1765325911
0
1315426329
1619456207
482418840
2002240522
1926175765
739818964
131354113
2049733758
456164291
364802594
1331019666
871871303
715222600
1926454206
2054417602
2027800721
0
933263317
1067831185
0
231505426
348876610
586759174
1820356439
112337951
2112689341
807643970
1647992925
1348036636
539429485
25910198
1981677935
530733826
931653424
530644453
568707940
1959099532
1975822117
44010949
1552521271
1497510851
232125852
2142087765
496146419
1049823068
504561396
1524712578
1561517995
1908627657
1494603182
988104500
741343439
815194753
1732891766
970305332
820199938
1956909910
123989069
0
76091705
0
773859447
989266263
1683353039
137679833
1062886445
1768194718
2079320465
752719271
549045656
531170642
1085407669
1085620039
1563755856
784746819
587963846
1534546495
1898073877
1354404063
288532856
1240010060
2021760403
1705517078
0
233683965
1810111932
1902067906
127607890
0
319684340
235531104
1788891139
945631421
2113851196
1734494299
1693553320
837076243
882573414
872355459
992337934
1053425853
1043304019
1599900238
54779667
1902541728
1632621942
803195936
661724595
1673860233
0
1055581409
807650212
2089077142
220331740
1563163087
956501231
1258636102
131931086
1252310942
412170772
1141918632
1013155680
1348024977
815378369
1187790262
1266990815
666681714
2086789762
1001778512
0
633298979
872620344
109940001
37628974
494638506
0
1801990697
1241034659
1670377665
1906201821
1444103495
940948325
1027098916
408292144
2071529617
1665915600
19712361
1996298762
0
1256872555
1167047987
123926274
227804351
938591729
530465104
0
309113438
634926898
1276865082
843322953
1033006112
0
469026575
0
1615636996
1935020604
1165032928
1126972015
1401701771
651137092
251054193
964132751
173474523
1637372778
1602087425
730863273
311148151
