Number of hits = 873
Number of misses = 127

Hash Table
2127353018
1008866390
714637393
60683337
1603934590
1276609173
1370713370
1971402147
1926302547
2085020585
1263912133
1082427532
84962177
1002519667
14381291
1310015847
2004993072
113960816
60335976
1804329391
1603832371
385366758
704084217
1827386040
850891239
2093571550
565034417
1609972485
710113129
1706478812
919490916
1145803508
154228752
1828961615
1064639284
152947673
93168427
1129454926
1950905958
698775151
1175727887
2021203762
367498344
601531142
1887947429
820709320
927908940
145393594
784161067
1065838302
1848959454
560695244
1494276226
1703603135
314961149
1485675702
2001981393
1495684782
1680914132
1270626112
12550182
1680025809
330766077
91923530
2067017625
526808832
1326056005
15632736
267042999
1968840038
1557230419
2078546169
356367578
1612600494
1368003007
1762560540
756780437
132232552
1874873255
355965910
1473768897
329087371
193278200
63299370
172376003
974534867
617343649
1880132742
731063890
1557970941
1534068434
1435938974
465730479
1892275484
119267153
126723022
1448423872
913298344
362327963
332303068
1756830441
239333369
1369776493
1670693173
2030365612
1302966818
1568300556
1431689186
132816423
1549433538
2098741162
1051872583
1683811648
774788072
17867739
1576878993
513673972
177944999
777563613
1242374997
2128855441
1869519128
792840102
2048623849
448585272
1940526301
937012902
335226893
180723505
99991370
1492597627
1788125648
1657365372
1183126513
1711779397
881909802
1989466590
1396750035
637028481
936204464
727683731
277571291
901006958
1028945307
972056047
1191004894
1730331878
2126483334
590060571
770999127
156325064
1902647405
1660404019
1287482744
511867717
58387764
94907876
1760978911
143580530
356678363
412578231
2045719414
232535017
1084231747
129916706
603659860
1832254555
1680428433
60340700
17251647
1314448921
447497533
1167200878
209335226
1043104931
2096255536
1169792772
396066691
256578381
1033986820
320722660
2066068759
221323681
1488154429
280368888
1457234057
2098783481
1372103163
531802362
1100450675
361847163
989389035
117806824
2063960169
1542168427
382895997
1186801434
1904806725
1359697471
1243604288
1409988989
1279516002
623857671
2015538850
2132965309
1246490153
1027488130
1030058156
980039266
1753947326
1442538527
895021075
1623642815
1045463409
1294669379
1312555921
1107006972
1705898879
71695128
1499683223
961183592
443247807
1191020538
877599530
1632775722
1344608403
200570610
2067282162
1253155503
1511914613
837416570
1297503268
1547719093
1000589780
398573624
954549463
140090535
545847797
370884319
0
1365634825
54870406
2146107663
948412772
1668358628
1766220800
0
993480332
1307794186
132158705
1777542403
783688907
1511648824
484542021
1726404618
894970163
1485078120
1877502765
1430753622
303158507
895870544
57257830
795446798
0
0
0
848587727
87134775
1698901231
112275260
1911749932
1912463096
979010720
0
857102108
0
1781676950
1701404737
0
692852868
1428400355
630171577
164920599
1876630486
1487310692
456284863
462702849
1945432618
1024394289
798778457
982474655
78753412
184223970
538123306
2081571070
1906168631
1362333295
359376271
65320474
364824012
1615868858
1082475472
1001882143
1935446098
1428745394
676159524
391378371
1257947362
0
1252301258
1904302333
1559095029
36418615
1866947911
234067322
64083712
165188155
850431961
0
1771147298
1859328095
287291529
1333603408
1464407081
347558340
1946061461
557924640
1033644567
0
0
1947185431
145576069
652851469
194239072
1210848083
0
1956901325
1480411302
222019516
40481529
616984838
290009648
837412299
1046141937
805735540
1272665780
1230155762
58813478
1253636707
1157575673
1237799856
365164862
785835956
1247328414
1952543819
1088033711
1135645841
692906459
505693175
1009382880
1329875187
349708921
2097610497
642949201
466500017
2055268467
362999672
1176971272
256527582
398728485
1702576345
963451045
1564366809
1183248425
659835540
1926164080
504729720
2096186383
1640186164
242376997
457711359
539699176
539313482
1566979863
1600239225
1170952751
1649166316
1027908401
485633230
187209956
133369344
1926429124
0
746961971
313807198
104033823
65588545
1620065931
1655297037
610604470
0
649456664
1985794540
1926903603
1033434580
358588361
1112596390
1572719307
1916917575
829076175
1573090387
623877198
139688456
844690249
2113649624
1842666003
1522718674
88648478
1311872914
664216487
405083362
0
1107946978
966680377
9206483
845516161
549308566
1127313743
143219777
987824579
1885418333
1474457304
2003761454
1778902548
1825779214
72117796
1618256800
0
1983854569
1925724561
1349905910
1599363185
45838569
1735131924
749423500
2141747427
2134657537
1338465087
188163293
1263008887
1737249026
1077621044
1964275517
1664482588
1083845238
1109232446
1080962598
319987743
294603160
855147773
1705651848
1039843774
2014864136
453372496
426461983
341106426
484067463
202458459
1834875225
228554093
1457787435
445644712
705023530
1039398583
966534739
1699087885
648504293
1744673956
0
429788933
974737036
591136585
0
1514861952
1592323393
2005133414
2111624403
79779710
1000656967
1799129085
881471629
1432604859
813984153
941627901
453056532
559304064
635903846
332676939
1468818311
335440009
1524373901
1995371461
771156318
284097666
842541566
382950729
0
630437234
492010617
1110820561
0
0
0
861216106
1437952516
318833823
438011652
826284523
1015026197
489778887
1555469415
723647376
1552184196
918269349
111842341
1448312074
315582108
0
196429153
350857642
822756542
872288293
980057472
18111852
1697973899
384939871
963682088
753085947
532958091
1681857856
0
1842741048
855549062
170287173
835636511
1652881771
1488771790
600358384
0
615278217
1143717113
718964568
1595296994
1814876887
1277257825
1413585470
2145654268
798428173
452256726
854079727
675772307
824945166
1729361843
2000274594
0
2044323216
675343681
153608555
304826059
287654337
1778795777
525937408
852641554
1926326534
1291683431
1714696862
274142022
1429134445
2052442034
175310889
717882190
1873823613
304292363
883839827
1940628264
2084592470
1483946791
1369695908
1680117093
752810133
1900052441
2130172817
241563186
1284020146
1719524797
639661203
589424302
1667809757
138178635
333093201
1175872577
245711558
772086456
1559481753
106407282
694684426
1158900619
1236197662
591477345
1716564955
1441549398
1249601645
1929734399
0
0
928680978
83658649
565463734
438995034
1119987435
316268799
1509197437
503758376
2007999601
749787306
1321324133
0
1598096923
0
632037569
585634884
0
1509132155
2061252579
200985502
2139521172
82964047
1433084092
984223864
210563778
2107623515
1441933250
0
911863810
64292348
892734870
2128860517
0
1496776032
951021504
1950471220
723177822
1176121607
1979810994
332211824
688785094
1771489171
290337664
1633329816
1711630695
0
624805221
2095356124
68477627
633577238
0
587734740
811878304
321591170
1775019683
1202951069
0
1770256877
668149674
2143164383
1761868460
454619898
1346918354
1745396516
0
1691919377
0
2132289974
427882944
126676094
0
1377579194
0
917403899
532764905
1903584284
1292018690
1118144907
520401533
1583938188
1083832574
102359503
924614915
1855849324
1806886921
575945323
0
444859278
21783518
2136391566
830969533
1838167913
1165353503
2127826900
0
1338156107
1424667278
0
897195199
1146125280
0
1259238523
902413366
0
1773608611
304673650
106308286
2103782204
405056209
0
2029355049
1072220336
1536553025
54963196
1198618601
2036477247
922058981
648049832
1911698282
5596776
498547271
1660645474
0
1390734468
1063304392
0
170862870
48493694
506165574
1269702135
117688978
1947453400
718284182
515002119
1879785989
0
0
0
153679944
767358745
1140104273
1601938462
1588394305
0
1465258343
546327582
997669506
1322682725
545074980
646388205
0
294034780
0
0
1483779498
0
1214232913
1475502020
87083071
1776273148
1161601569
0
0
0
396112428
525743870
1440722937
223298072
1636999588
1478338340
444880854
1309999807
0
360836577
0
335307253
1911469721
0
0
1578911514
0
0
50421341
383049549
1022199348
1728121669
0
0
858342346
2046909665
72817777
0
83736726
768159918
1354377565
533805901
568702825
921490809
565061895
365561664
0
0
0
1914512161
1865661995
779039161
1694485515
1247937821
773493287
1379338111
471978898
0
0
0
1016323023
710822807
0
0
938719963
524542051
1176162912
1153867070
982223958
1146058290
0
0
6981367
215743208
1358506235
98197792
1842564240
765179210
1171346401
0
285126262
704675439
138865541
501401490
1975693669
0
2027165539
0
33413946
380773645
0
0
0
0
0
0
0
0
1509474543
0
787253203
405384867
955183033
0
0
1594513144
2000802129
463561388
252799319
0
2043309418
0
183914380
2001821139
252305664
922939296
1752746402
578342378
963148266
1940845214
444951128
887416088
0
0
315157213
2134348540
921114371
429201150
0
1630209176
753907241
548316292
193601513
1697112986
189487472
293603823
1015863915
945521690
214595909
0
0
853667469
1350458737
0
0
157310837
0
1202720573
0
436056693
464406790
45139864
459552893
1007551487
0
112355245
0
222361287
840551507
0
0
637987944
532634199
1364018243
5536728
0
583637530
2112558719
856159903
135625948
0
996570658
1840607988
1780124481
1661769254
41343171
602913526
365855410
1237362126
0
1508610777
362256943
0
901677489
0
1787717558
0
0
1433817745
1867340349
599730607
1065829135
2025681814
543631977
0
0
1706821997
0
2118241104
1380161476
1820773096
0
1132149572
0
151654502
0
1726618257
730059900
1695951426
0
0
1016943913
174264764
1438577100
1449630555
1447904258
0
1980423430
958058483
532745665
32595893
0
1965954411
845520188
621385453
0
505874590
975033557
0
66734354
1493611949
