Number of hits = 822
Number of misses = 178

Hash Table:
1790039781
0
1733297411
605991919
132857704
1108516770
1045479617
45206479
1656152063
0
1013914584
1311741238
1873542877
325269084
779646144
1574144695
0
419930768
1489500331
678148785
148213661
0
35498857
0
1426304360
1636102179
679864587
911533580
0
1818031407
358413092
0
496840082
2003782949
171109440
644785023
848781822
989752178
1675580659
862106596
395888423
1887304548
1427253420
1565628435
385348174
936956688
1965301421
1202626970
1652190220
1491248396
70053764
945301365
436517781
0
17026558
1232351421
1448622766
1234535708
246561570
1085901699
1320108190
750609813
553670131
58051424
2112460162
409145363
1615371384
1409671587
1347225422
620572955
0
0
0
44527203
0
0
0
1821334278
1129202457
1736227692
132602089
2038620368
0
91128311
197360186
1660933641
225547372
1765173238
222750504
1106586538
1818132647
1608617539
0
374041524
2136552506
0
1928538309
393106367
896149323
1607481703
0
1425778218
538152088
1043128208
0
1313055581
1550387152
699752021
1166608230
1015034008
735948275
0
1367835541
934470636
591516214
405144573
749617993
571282481
56237455
1479508528
700331941
896853467
0
197544814
2089883425
1055305275
261115069
1630382620
2471566
444113413
1698369777
1194672094
634233109
863222836
1854538496
0
1244045002
1604846016
410690733
2037183769
0
1515484711
0
0
0
0
1247277454
81071629
1041387290
238600125
1924781104
1306077767
1755860393
1022606039
1685597758
83374938
642632035
134840866
1595062937
873190769
1375584918
2095529347
812047286
2048206928
551288322
1686211959
50234817
1258660357
1208453152
1939975279
0
1990845505
1249520953
758118988
875217167
774967870
778952261
0
1455313412
334214371
21721851
0
9861605
964269188
467370275
1758509650
1791478137
755256383
819467068
1378863645
166058509
546442892
276057801
1316353653
1065377322
2042514089
919529306
1708688420
1779047772
640746709
0
1213285374
0
1714186146
276493372
1806317250
1684044496
1831148533
888870447
399380130
354334951
1265075109
1320340136
358816732
1250387212
0
1132765027
766573416
930306753
0
1220542055
391391540
1405881743
2066652896
760332988
939956965
136378168
132303440
736812110
1201086816
58947996
983296641
275840721
1467729596
1748719987
455621448
425662949
448095914
665018881
1273351406
0
0
65593604
228759665
1560206076
137617215
839154398
357498926
1765373120
1448186961
1985410429
1114985238
583363290
1336680953
980417296
899132362
1373563542
985601872
1160502855
1542024889
0
996009457
1233626182
87407489
1638509408
1604995235
0
1147734164
892216891
2055522432
633676279
589185077
1507203181
0
833057330
1967760620
341405687
1805153466
0
0
736311077
1598771844
462796930
2109567228
2039104763
249560223
1521870397
0
1130843990
291183965
1326927015
796672146
0
0
0
346371927
1875408633
0
122748729
1072025802
1476076501
1863818948
186935865
1163053827
1741944271
0
1255887661
1337550131
1363051817
0
1971978470
1138447227
776160854
0
1355700449
1804095077
0
1107322490
564888643
398024274
1631381348
277679378
621829951
829502713
74484981
0
1857154369
0
2129934371
1170283484
0
11106888
1472605230
1148563093
1861425338
1175734663
2120135159
704587177
1458763545
62328190
782907271
1486000594
1015253778
345507068
195608616
1923112252
235083350
1345390490
2105040536
6038917
629107359
438668929
811279085
1555974591
2106324806
1454369197
2125902131
1784704553
616287939
0
1520486372
788091291
971206043
1660767305
1937788203
867210158
1405023340
1040343615
1650223607
2052291345
1167609907
802205525
1209941599
1630701627
2112692620
0
1357675025
2094837953
952703765
1788066691
687091580
2099742011
567805412
2132430466
1816342401
40293199
1652440543
886443545
2017601486
881205424
998879351
0
2145104186
2091263803
1794274796
1036491573
1353767019
0
217740480
0
330464209
858090425
688856808
1214199100
0
1927342924
1847548325
1553970713
898802736
0
2114856381
1295819869
987479620
576255939
2113135804
986858551
701334372
47583743
0
1025226741
1267208558
902399274
1478025889
998712945
1662300157
0
1974775585
1000802153
901347836
1766214023
548248480
631329378
488600475
1649317131
127042789
1638064397
290620003
1297825279
483376620
568902523
1043843508
1255997785
1312670324
1572306676
778781429
0
1004442183
1635558147
2139626149
0
258198078
1388648014
1839869600
706143864
535421620
495431697
342413557
757109888
144861562
59721719
1854948490
1178406954
0
1057415156
1893722104
417772226
0
0
0
0
1732064077
1734999907
911506287
1967713585
472263167
2045560353
2019630680
1636109483
734940968
489731674
651937664
0
1173513791
0
1806103431
0
0
1737367919
1261497110
21200854
7071507
0
0
1566034563
1504424165
962306501
1841424718
737796912
545286834
1157557174
1160622872
162918412
500727331
1945229256
1720788194
675038359
2004033749
904159779
1370338781
78995575
1147885932
0
1895011829
2072795923
1039285120
1145567687
665550247
0
1750320365
1410280152
1445674744
1442175427
0
305553910
0
1275477969
0
632102924
1924258187
0
1757408330
14589438
926237588
1912861094
375013552
636103670
2077553090
1501837173
0
1946746716
1311473170
1244055396
279244519
2062718273
1834986597
1749308046
0
1803976139
29326119
1078881006
1437990591
0
0
1705794627
0
0
1745156736
0
33686742
926236038
0
2103677230
0
1615940623
720327457
870015704
506617591
691379319
956902357
373630173
1335350904
652376343
0
1255607082
2048376515
678291676
175436830
1495649755
0
1981370015
1460889170
0
1074834487
1355726988
0
341519129
1483456177
1133945505
562184777
908620298
1267445731
1933897184
405891746
719933384
1547451439
1449441283
2145458691
0
226927257
1237262976
0
0
0
0
811336171
1705308964
1541386178
0
0
0
1148290449
0
96552615
0
1177563640
1175214803
253384872
107428947
0
87279389
1938442536
0
1301877889
1217427493
1102498943
0
2039054213
0
0
1082221820
922140325
1836051169
1555968401
248829781
1872765386
205777018
1539404721
0
1929556621
1854377557
1427157706
0
0
1502294405
1146559660
53994931
1637051150
0
697181659
1153014405
1628842231
787117840
509743856
1417435055
0
426878676
0
0
727088525
1399576605
1864714191
603528618
879411774
746513148
2094103191
45394145
841877184
1898449117
2097412615
104604833
1356748207
2079156436
2005118894
1726813378
801017110
2144623218
0
272180996
2091084481
1865939462
0
2081065383
1940079760
687466619
872559057
1263031461
1877426784
1358073563
0
829448467
1551099664
1701556443
2061883706
1286266081
979332552
1462184441
0
659949533
0
253972771
1163738296
0
599092429
1305278310
608853004
19367832
999928045
1723934769
836861125
1524133203
1297438272
225967060
1615494695
1096415920
693057413
231440012
1533920360
243290172
478928227
0
1336644649
1450265709
885982159
1344398322
1150605644
598217475
0
1207358274
824925963
0
1621927383
29981719
799184277
653277684
174114327
1487848612
0
981897494
2006942641
138641037
1364564871
680880541
2843121
522433244
1832033064
0
1116297146
574805857
0
539014270
674897457
2058876822
1857869945
1295715302
1774531914
1409407243
202598097
2123229811
0
70021188
0
933974285
1645453657
577860436
1654832232
1402651388
2022955483
165654337
1887265305
276324529
898587747
1096814191
0
1249550026
516587333
375081261
525219716
2009111314
1748764339
0
1254449395
2070927631
260996103
1483561251
227429008
1500466994
70856498
757490737
894946230
0
944547985
265100479
1053689151
0
0
2028792139
237415464
1557716313
1326014220
1996303720
426111569
1180329931
978696085
116028512
0
307849601
793482614
1187028533
2055682366
127473128
2049997195
73126845
533409393
484268356
385741747
1720483488
0
0
1888336760
1051864083
0
855027991
0
497703617
1053260634
196903580
1986882041
0
679243301
183753711
15414293
1859653878
112489414
0
2047527179
1263117239
2130754406
1586904997
30694813
0
0
1749644676
1241241945
1944026603
184138549
1702885761
1166200458
0
1898247692
781198734
1916032987
1409349260
1472811838
189070195
0
960401968
1048014406
28552656
0
0
0
0
2012690402
1503915960
639136145
0
0
1501977900
292712802
2043413593
932424923
1561299344
186669012
1008358751
245873032
0
0
1273221829
437298317
1236756334
0
1178176815
0
1615593845
1681161321
1193837506
68473230
2100462491
2135089330
939010298
1078878555
332451993
1041306627
2024954982
0
0
1880486132
0
1389285442
0
1795358485
2088323858
518997320
1928209834
1147083691
0
632658120
0
52339211
648103986
0
881368249
599175704
1668047463
775001511
0
1797238804
1876360521
0
0
1751137544
1896585699
0
1166385125
0
1431162060
1688669795
1034927283
1558129990
1701256647
230568226
673816136
1732594896
1530306060
1623931058
1650954269
0
1087674450
798285483
1659485134
1076042877
1544064690
1628409410
565092880
1821558821
682538825
1280435277
360154117
321943709
162683730
2140369762
0
2053393014
2071766863
1578965854
0
1431142418
0
734571459
1003960624
1747190821
1132959045
1793567946
1647285092
179517452
850295225
1796892747
1352104090
1912610077
1204762026
1588606139
1676087886
782573356
146068042
841018048
20112347
0
1147381427
1782218044
0
0
1131819843
714491769
364450485
1637540088
441052389
0
1274567007
0
115896679
594323534
1036968335
1216381972
379315249
762642438
346627272
1339766936
1526988682
0
1620715971
